# =============================================================================
# Data File: Slab Average Polarization vs Time
# Paper: "Electrostrictive Metamaterial Study: Shaping Fields to Exceed Intrinsic Material Limits"
# =============================================================================
# Model: Slab.mph
# Software: COMSOL Multiphysics COMSOL 6.2.0.339
# Date Generated: Oct 8 2025, 18:05
# Table: Table 6 - Surface Average (Polaeisation)
# =============================================================================
# Description: Surface-averaged polarization components over time. Units: time (s), polarization (C/m²).
# =============================================================================
# Columns: t (s)                  Polarization, X-component (C/m^2) Polarization, Y-component (C/m^2) Polarization, Z-component (C/m^2)
# =============================================================================
0                        0                                 0                                 0
0.01                     6.352424663086294E-20             -0.0012571492955465154            0
0.02                     6.325958319798308E-20             -0.0025092427257194325            0
0.03                     6.238442145755096E-20             -0.0037512477809550217            0
0.04                     -1.829072616368063E-20            -0.004978178445012038             0
0.05                     1.4221986773168029E-19            -0.0061851179018195595            0
0.06                     -2.8759643359221194E-19           -0.0073672406107652836            0
0.07                     -6.59316249081893E-20             -0.008519833566232001             0
0.08                     5.626806676719031E-19             -0.009638316578228685             0
0.09                     3.528103703790735E-20             -0.01071826143555185              0
0.1                      -4.7233638345786853E-20           -0.011755409840000538             0
0.11                     -3.6754767259518607E-19           -0.012745690028686568             0
0.12                     1.1497862439064855E-19            -0.013685232030343485             0
0.13                     5.285845325828421E-19             -0.014570381529699127             0
0.14                     6.16972496533936E-21              -0.01539771234048303              0
0.15                     1.3581745016428357E-18            -0.016164037511655075             0
0.16                     4.677638388719666E-19             -0.016866419112288047             0
0.17                     9.712574670728968E-19             -0.017502176757690276             0
0.18                     -7.758075361711056E-19            -0.018068894952474886             0
0.19                     2.4352555116964443E-18            -0.018564429335180398             0
0.2                      1.2359368668535552E-18            -0.018986911913707275             0
0.21                     3.876860424757118E-19             -0.019334755381367315             0
0.22                     3.2698600065772927E-19            -0.019606656599988895             0
0.23                     -8.129963675698813E-19            -0.019801599329624525             0
0.24                     3.5759187545364726E-19            -0.019918856274390075             0
0.25                     3.546302286618125E-19             -0.01995799050132102              0
0.26                     -4.716520466225893E-19            -0.01991885627439721              0
0.27                     1.7475626868239852E-19            -0.01980159932963869              0
0.28                     2.8620154125295632E-19            -0.019606656600009733             0
0.29                     -6.729980992324257E-19            -0.019334755381394352             0
0.3                      1.5788909023035563E-18            -0.018986911913739784             0
0.31                     5.046888401235516E-19             -0.01856442933521767              0
0.32                     -1.1224350339030862E-18           -0.018068894952515967             0
0.33                     -2.0016170943746452E-19           -0.017502176757734186             0
0.34                     2.6933779872841175E-19            -0.01686641911233376              0
0.35000000000000003      -7.532539152396253E-20            -0.016164037511701534             0
0.36                     2.3589567972922566E-18            -0.01539771234052914              0
0.37                     3.1319430162614453E-19            -0.014570381529743917             0
0.38                     -2.330569462315455E-19            -0.013685232030385963             0
0.39                     6.79059684515341E-19              -0.012745690028725906             0
0.4                      9.023887267557448E-20             -0.011755409840036025             0
0.41000000000000003      6.966403920387168E-19             -0.010718261435582983             0
0.42                     3.592936237286323E-19             -0.009638316578255118             0
0.43                     2.8094735510653474E-19            -0.008519833566253611             0
0.44                     2.424204841356868E-19             -0.007367240610782139             0
0.45                     9.351993965651461E-20             -0.006185117901831976             0
0.46                     -2.469438618700306E-19            -0.0049781784450204924            0
0.47000000000000003      -1.0610502320588179E-19           -0.0037512477809601664            0
0.48                     1.0072510122509534E-19            -0.0025092427257194377            0
0.49                     3.271206067690382E-20             -0.0012571492955465193            0
0.5                      -4.790508191082293E-34            -2.4519358930579317E-18           0
0.51                     -1.5724023170383456E-20           0.0012571492955465145             0
0.52                     -7.725720146086531E-20            0.0025092427257194334             0
0.53                     -1.6520164908244516E-19           0.003751247780955023              0
0.54                     7.991595117296733E-21             0.00497817844501204               0
0.55                     6.146022982057907E-20             0.0061851179018195665             0
0.56                     -3.092387065283335E-19            0.007367240610765288              0
0.5700000000000001       3.5994299868684825E-19            0.008519833566232005              0
0.58                     1.5954240682832075E-19            0.00963831657822868               0
0.59                     -2.691459740516255E-19            0.01071826143555185               0
0.6                      -3.1739034043222676E-19           0.011755409840000536              0
0.61                     -6.9735790485762115E-19           0.012745690028686564              0
0.62                     6.013622539877876E-19             0.013685232030343485              0
0.63                     -1.722794645680338E-19            0.014570381529699125              0
0.64                     4.312308138390648E-21             0.015397712340483032              0
0.65                     -1.170760127049655E-18            0.016164037511655082              0
0.66                     2.7778649902332873E-19            0.01686641911228806               0
0.67                     1.9484504988990998E-19            0.017502176757690266              0
0.68                     -2.246353301610411E-18            0.018068894952474886              0
0.6900000000000001       1.1486840299194685E-19            0.018564429335180405              0
0.7000000000000001       -8.983011563241305E-19            0.018986911913707275              0
0.71                     -6.52805188385425E-19             0.019334755381367322              0
0.72                     -9.41352977272932E-19             0.019606656599988892              0
0.73                     -7.628013234730918E-19            0.019801599329624525              0
0.74                     7.843904304711219E-19             0.019918856274390075              0
0.75                     -8.211520498641145E-19            0.019957990501321018              0
0.76                     3.124936616654907E-19             0.019918856274397212              0
0.77                     1.1321214569582948E-19            0.019801599329638694              0
0.78                     -1.6037211758075046E-18           0.01960665660000974               0
0.79                     -8.330099440377617E-20            0.01933475538139434               0
0.8                      -2.0895163589949546E-18           0.018986911913739787              0
0.81                     -2.1162140415639842E-19           0.018564429335217656              0
0.8200000000000001       -7.010720811274309E-19            0.018068894952515964              0
0.8300000000000001       1.3071986167266949E-19            0.01750217675773419               0
0.84                     -7.677332818525336E-19            0.016866419112333775              0
0.85                     1.4397500381188643E-19            0.016164037511701538              0
0.86                     -1.6780609732816052E-19           0.01539771234052914               0
0.87                     -1.999911401795134E-20            0.014570381529743914              0
0.88                     -7.715780146021574E-19            0.013685232030385963              0
0.89                     -3.7801208780536613E-19           0.012745690028725902              0
0.9                      3.808460486945697E-20             0.011755409840036032              0
0.91                     -1.2886520585888905E-19           0.010718261435582974              0
0.92                     -5.5023267267194635E-21           0.009638316578255118              0
0.93                     -5.383130610888671E-19            0.008519833566253594              0
0.9400000000000001       -3.3563070549659007E-19           0.007367240610782131              0
0.9500000000000001       -1.4561996231899672E-19           0.006185117901831979              0
0.96                     3.1144381516880857E-19            0.004978178445020501              0
0.97                     1.661704298494895E-19             0.003751247780960167              0
0.98                     4.930935000187124E-20             0.002509242725719441              0
0.99                     -3.1302011268985904E-20           0.0012571492955465128             0
1                        -9.101958621785217E-34            4.903871786115623E-18             0
