# =============================================================================
# Data File: Slab Displacement Field at t=0.25s
# Paper: "Electrostrictive Metamaterial Study: Shaping Fields to Exceed Intrinsic Material Limits"
# =============================================================================
# Model: Slab.mph
# Software: COMSOL Multiphysics COMSOL 6.2.0.339
# Date Generated: Oct 13 2025, 15:39
# Table: 
# =============================================================================
# Description: Nodal displacement field (x,y coordinates and displacement components) at peak bias (t=0.25s). Units: position (mm), displacement (mm).
# =============================================================================
# Columns: Coordinates
# =============================================================================
-1.5                      -1.5
-1.2                      -1.5000000000000002
-1.5000000000000004       -1.2000000000000002
-1.2000000000000004       -1.2000000000000006
-1.5000000000000002       -0.9000000000000002
-1.2000000000000002       -0.9
-0.9000000000000002       -1.5000000000000002
-0.9000000000000007       -1.2000000000000008
-1.5                      -0.6
-1.2                      -0.5999999999999999
-0.9000000000000002       -0.9000000000000002
-0.6000000000000003       -1.5000000000000002
-0.6000000000000006       -1.2000000000000004
-1.5000000000000002       -0.30000000000000004
-1.2000000000000002       -0.30000000000000004
-0.9000000000000004       -0.6000000000000002
-0.6000000000000003       -0.9000000000000006
-0.30000000000000004      -1.5000000000000002
-0.30000000000000043      -1.2000000000000004
-1.5000000000000002       0
-1.2000000000000002       1.3877787807814457E-16
-0.9000000000000004       -0.3000000000000002
-0.6000000000000001       -0.6000000000000003
-0.30000000000000016      -0.9000000000000006
0                         -1.5000000000000002
-1.3877787807814457E-16   -1.2000000000000004
-1.5000000000000002       0.30000000000000004
-1.2000000000000002       0.3000000000000003
-0.9000000000000004       -6.938893903907228E-17
-0.6000000000000004       -0.3000000000000002
-0.29999999999999993      -0.6000000000000001
0                         -0.9000000000000004
0.30000000000000004       -1.5000000000000002
0.3000000000000001        -1.2000000000000002
0.6                       -1.5
0.6000000000000003        -1.2
-1.5000000000000002       0.6000000000000003
-1.2000000000000006       0.6000000000000008
-0.9000000000000004       0.30000000000000016
-0.6000000000000002       -1.3877787807814457E-16
-0.30000000000000016      -0.3
1.3877787807814457E-16    -0.6000000000000001
0.3000000000000002        -0.9000000000000004
0.9000000000000002        -1.5000000000000002
0.9                       -1.2
0.6000000000000003        -0.8999999999999999
-1.5000000000000002       0.9000000000000002
-1.2000000000000006       0.9000000000000006
-0.9000000000000004       0.6000000000000004
-0.6000000000000002       0.29999999999999993
-0.30000000000000004      -6.938893903907228E-17
0                         -0.3000000000000001
0.30000000000000016       -0.6000000000000003
1.2000000000000002        -1.5000000000000004
1.2000000000000004        -1.2000000000000006
0.9000000000000002        -0.8999999999999999
0.6000000000000001        -0.6000000000000001
-1.5000000000000002       1.2
-1.2000000000000004       1.2000000000000006
-0.9000000000000004       0.9000000000000002
-0.6000000000000003       0.6000000000000002
-0.3000000000000001       0.30000000000000004
0                         0
0.30000000000000004       -0.30000000000000004
-1.5                      1.5
-1.2000000000000002       1.5000000000000004
1.5                       -1.5
1.5000000000000002        -1.2
1.2000000000000004        -0.9000000000000004
0.9000000000000004        -0.6000000000000006
0.6000000000000002        -0.3
-0.9                      1.2
-0.6000000000000002       0.9000000000000002
-0.3000000000000003       0.6000000000000003
0                         0.3
0.3                       0
-0.9000000000000002       1.5000000000000002
1.5000000000000002        -0.9000000000000002
1.2000000000000004        -0.6000000000000008
0.9000000000000004        -0.3000000000000001
0.6000000000000002        1.3877787807814457E-16
-0.6000000000000001       1.2
-0.3000000000000002       0.9000000000000002
-1.3877787807814457E-16   0.6000000000000001
0.30000000000000016       0.3
-0.6                      1.5
1.5000000000000002        -0.6000000000000003
1.2000000000000004        -0.3000000000000003
0.9000000000000006        3.469446951953614E-17
0.6                       0.30000000000000016
-0.30000000000000004      1.2000000000000002
0                         0.9000000000000006
0.2999999999999998        0.6000000000000002
-0.30000000000000004      1.5000000000000002
1.5000000000000002        -0.30000000000000004
1.2000000000000006        -1.0408340855860843E-16
0.9000000000000002        0.3000000000000001
0.6000000000000001        0.6000000000000002
1.3877787807814457E-16    1.2000000000000002
0.3000000000000002        0.9000000000000004
0                         1.5000000000000002
1.5000000000000002        0
1.2000000000000002        0.30000000000000004
0.9                       0.6000000000000002
0.6000000000000003        0.9000000000000004
0.3000000000000004        1.2000000000000002
0.30000000000000004       1.5000000000000002
1.5000000000000002        0.30000000000000004
1.2                       0.6000000000000001
0.9000000000000004        0.9000000000000004
0.6000000000000006        1.2000000000000002
0.6000000000000003        1.5000000000000002
1.5                       0.6
1.1999999999999997        0.9000000000000002
0.9000000000000007        1.2000000000000002
0.9000000000000002        1.5000000000000002
1.5000000000000002        0.9000000000000002
1.2000000000000002        1.2000000000000004
1.2                       1.5000000000000002
1.5000000000000004        1.2000000000000002
1.5                       1.5
% Elements (triangles)
1          2         4
1          4         3
3          4         6
3          6         5
2          7         8
2          8         4
5          6         10
5          10        9
4          8         11
4          11        6
7          12        13
7          13        8
9          10        15
9          15        14
6          11        16
6          16        10
8          13        17
8          17        11
12         18        19
12         19        13
14         15        21
14         21        20
10         16        22
10         22        15
11         17        23
11         23        16
13         19        24
13         24        17
18         25        26
18         26        19
20         21        28
20         28        27
15         22        29
15         29        21
16         23        30
16         30        22
17         24        31
17         31        23
19         26        32
19         32        24
25         33        34
25         34        26
33         35        36
33         36        34
27         28        38
27         38        37
21         29        39
21         39        28
22         30        40
22         40        29
23         31        41
23         41        30
24         32        42
24         42        31
26         34        43
26         43        32
35         44        45
35         45        36
34         36        46
34         46        43
37         38        48
37         48        47
28         39        49
28         49        38
29         40        50
29         50        39
30         41        51
30         51        40
31         42        52
31         52        41
32         43        53
32         53        42
44         54        55
44         55        45
36         45        56
36         56        46
43         46        57
43         57        53
47         48        59
47         59        58
38         49        60
38         60        48
39         50        61
39         61        49
40         51        62
40         62        50
41         52        63
41         63        51
42         53        64
42         64        52
58         59        66
58         66        65
54         67        68
54         68        55
45         55        69
45         69        56
46         56        70
46         70        57
53         57        71
53         71        64
48         60        72
48         72        59
49         61        73
49         73        60
50         62        74
50         74        61
51         63        75
51         75        62
52         64        76
52         76        63
59         72        77
59         77        66
55         68        78
55         78        69
56         69        79
56         79        70
57         70        80
57         80        71
64         71        81
64         81        76
60         73        82
60         82        72
61         74        83
61         83        73
62         75        84
62         84        74
63         76        85
63         85        75
72         82        86
72         86        77
69         78        87
69         87        79
70         79        88
70         88        80
71         80        89
71         89        81
76         81        90
76         90        85
73         83        91
73         91        82
74         84        92
74         92        83
75         85        93
75         93        84
82         91        94
82         94        86
79         87        95
79         95        88
80         88        96
80         96        89
81         89        97
81         97        90
85         90        98
85         98        93
83         92        99
83         99        91
84         93        100
84         100       92
91         99        101
91         101       94
88         95        102
88         102       96
89         96        103
89         103       97
90         97        104
90         104       98
93         98        105
93         105       100
92         100       106
92         106       99
99         106       107
99         107       101
96         102       108
96         108       103
97         103       109
97         109       104
98         104       110
98         110       105
100        105       111
100        111       106
106        111       112
106        112       107
103        108       113
103        113       109
104        109       114
104        114       110
105        110       115
105        115       111
111        115       116
111        116       112
109        113       117
109        117       114
110        114       118
110        118       115
115        118       119
115        119       116
114        117       120
114        120       118
118        120       121
118        121       119
% Data (u (µm) @ t=0.25)
0
0
0.002643148856754477
0.001737410080443559
0.0037851721901998965
0.002881385498156572
0
0.0011054031630562105
0.004442397675056643
0.003536460452607878
0.00200758581182482
0
6.830589576738819E-4
0.004790274953891655
0.0038763250311733125
0.002587452903416625
0.0012695251113911722
0
3.27835548206582E-4
0.004981073200860935
0.004043422542653772
0.002901664547078277
0.0016775344635810575
6.141418844723684E-4
0
-3.602933505157537E-19
0.0050770214462670885
0.004115291522551746
0.0030549153130234445
0.0019191412927944418
8.232292031961909E-4
-7.589205670473058E-19
0
-3.278355482065827E-4
0
-6.830589576738824E-4
0.005125242606630701
0.004141842566432133
0.003116470720685677
0.0020404957655680185
9.525871473588605E-4
-4.875447934107559E-19
-6.141418844723696E-4
0
-0.0011054031630562127
-0.0012695251113911746
0.005156707283856903
0.004155831269999062
0.003134262471117891
0.0020896451563196306
0.0010198060044649532
1.362599118799856E-19
-8.232292031961918E-4
0
-0.0017374100804435585
-0.0020075858118248206
-0.0016775344635810597
0.005193163424303615
0.0041804222543449935
0.003139970785847821
0.0021028346023671818
0.001047687059166892
-1.099513432779481E-18
-9.525871473588615E-4
0.005243903660506113
0.004230438610257388
0
-0.002643148856754478
-0.0028813854981565735
-0.0025874529034166246
-0.001919141292794443
0.0031565949089982274
0.002105289948515705
0.001055224017903958
-8.970932343890201E-19
-0.0010198060044649545
0.003205623663026303
-0.0037851721901998956
-0.0035364604526078786
-0.0029016645470782785
-0.0020404957655680215
0.0021163455368306333
0.001056322892791771
1.1813628352087263E-18
-0.0010476870591668952
0.0021572149732844697
-0.00444239767505664
-0.0038763250311733117
-0.003054915313023449
-0.0020896451563196332
0.0010621349292790668
-8.865252596511122E-19
-0.0010552240179039548
0.0010854922875571885
-0.004790274953891655
-0.004043422542653776
-0.0031164707206856775
-0.0021028346023671796
-2.266193977013592E-18
-0.0010563228927917719
3.3255801436125707E-18
-0.0049810732008609354
-0.0041152915225517485
-0.0031342624711178874
-0.0021052899485157007
-0.0010621349292790688
-0.0010854922875571874
-0.0050770214462670885
-0.0041418425664321275
-0.003139970785847819
-0.0021163455368306367
-0.0021572149732844697
-0.005125242606630701
-0.0041558312699990566
-0.003156594908998228
-0.0032056236630263035
-0.0051567072838569
-0.004180422254344991
-0.004230438610257392
-0.005193163424303615
-0.005243903660506114
% Data (v (µm) @ t=0.25)
0
0
0.0017768779684962106
9.816679843400826E-4
0.002899881482884892
0.0021743335566650123
0
7.505550211447928E-4
0.0038875437626786904
0.00342496962663408
0.0018311038115903053
0
6.935262999282637E-4
0.004944740223566836
0.004641536670124129
0.003068651981963343
0.0016775810083196798
0
6.726101629830886E-4
0.00605318008278115
0.005864294814268235
0.0043469045601884915
0.0028543103050191615
0.0016086304724724123
0
6.673191789526412E-4
0.007221045641051062
0.007102712303845086
0.005638632918515082
0.004131429117696588
0.002745266187460466
0.0015891935334238633
0
6.726101629830892E-4
0
6.935262999282646E-4
0.008439603547823738
0.008360571299166312
0.006934925923162245
0.005450110793759102
0.00400677257620941
0.002712045425153561
0.001608630472472412
0
7.505550211447955E-4
0.0016775810083196822
0.00969929183517727
0.00963672092355225
0.008234265902116919
0.006780444271374638
0.0053304087365292985
0.003966336460135603
0.0027452661874604635
0
9.816679843400828E-4
0.0018311038115903068
0.002854310305019162
0.010987609283532712
0.010928375354101976
0.00953713053428625
0.00811021122657876
0.006676103334478146
0.005289872365552009
0.0040067725762094105
0.012287633426750419
0.01222928057619216
0
0.0017768779684962128
0.002174333556665013
0.0030686519819633417
0.004131429117696588
0.010845019023351834
0.00943581326528057
0.008022676330550546
0.006639621370641133
0.0053304087365293
0.012157999263406868
0.0028998814828848944
0.0034249696266340783
0.004346904560188491
0.005450110793759103
0.010759140613308567
0.009362153236046097
0.007991377684362899
0.006676103334478146
0.01208591176200093
0.0038875437626786895
0.004641536670124129
0.00563863291851508
0.006780444271374638
0.01069564844280287
0.009335394456107489
0.008022676330550546
0.012032672279225968
0.004944740223566835
0.005864294814268233
0.006934925923162242
0.008110211226578758
0.010672379815539474
0.009362153236046097
0.012013152671967156
0.00605318008278115
0.007102712303845083
0.008234265902116917
0.009435813265280571
0.010695648442802866
0.012032672279225961
0.0072210456410510574
0.008360571299166309
0.009537130534286248
0.010759140613308567
0.012085911762000934
0.008439603547823731
0.009636720923552245
0.010845019023351834
0.012157999263406867
0.009699291835177272
0.010928375354101976
0.012229280576192162
0.010987609283532712
0.012287633426750412
