# =============================================================================
# Data File: Design D1 Average Polarization vs Time
# Paper: "Electrostrictive Metamaterial Study: Shaping Fields to Exceed Intrinsic Material Limits"
# =============================================================================
# Model: 4 arms Optimized.mph
# Software: COMSOL Multiphysics COMSOL 6.2.0.339
# Date Generated: Oct 8 2025, 23:22
# Table: Table 9 - Surface Average (Polarisation)
# =============================================================================
# Description: Surface-averaged polarization components over time. Units: time (s), polarization (C/m²).
# =============================================================================
# Columns: t (s)                  Polarization, X-component (C/m^2) Polarization, Y-component (C/m^2) Polarization, Z-component (C/m^2)
# =============================================================================
0                        0                                 0                                 0
0.01                     -1.68360861056591E-8              -5.315965341427869E-4             0
0.02                     -3.36033927335738E-8              -0.0010610801269494215            0
0.03                     -5.023350117088037E-8             -0.0015863467096134593            0
0.04                     -6.665870896420607E-8             -0.0021053099041365387            0
0.05                     -8.281237509936898E-8             -0.002615909734037051             0
0.06                     -9.862925027412982E-8             -0.0031161211759880383            0
0.07                     -1.1404578830819397E-7            -0.0036039625035460495            0
0.08                     -1.290004354565368E-7             -0.004077503377528384             0
0.09                     -1.43433895322462E-7              -0.0045348726416225985            0
0.1                      -1.5728936784931865E-7            -0.004974265786331165             0
0.11                     -1.7051276182716152E-7            -0.0053939520492198995            0
0.12                     -1.8305288105168456E-7            -0.005792281124498658             0
0.13                     -1.9486158507472159E-7            -0.006167689460062137             0
0.14                     -2.058939258798189E-7             -0.006518706125109368             0
0.15                     -2.1610826250838543E-7            -0.006843958236203977             0
0.16                     -2.254663556054331E-7             -0.007142175934011207             0
0.17                     -2.339334443493071E-7             -0.007412196906846667             0
0.18                     -2.4147830802507564E-7            -0.007652970460515035             0
0.19                     -2.480733145306079E-7             -0.007863561136644647             0
0.2                      -2.5369445796186855E-7            -0.008043151883801109             0
0.21                     -2.583213872628008E-7             -0.0081910467870827               0
0.22                     -2.619374275076994E-7             -0.008306673362672445             0
0.23                     -2.645295954616594E-7             -0.00838958442398683              0
0.24                     -2.6608861038429033E-7            -0.008439459525673104             0
0.25                     -2.666089011837102E-7             -0.008456105990842533             0
0.26                     -2.660886103875466E-7             -0.008439459525674523             0
0.27                     -2.6452959546145266E-7            -0.008389584423989616             0
0.28                     -2.619374275090949E-7             -0.00830667336267653              0
0.29                     -2.5832138726109515E-7            -0.00819104678708799              0
0.3                      -2.5369445795964604E-7            -0.008043151883807461             0
0.31                     -2.4807331452471566E-7            -0.00786356113665189              0
0.32                     -2.4147830802202616E-7            -0.007652970460523001             0
0.33                     -2.3393344434884192E-7            -0.007412196906855133             0
0.34                     -2.2546635560615671E-7            -0.0071421759340199835            0
0.35000000000000003      -2.1610826250910904E-7            -0.006843958236212873             0
0.36                     -2.0589392588229985E-7            -0.0065187061251181415            0
0.37                     -1.9486158507234402E-7            -0.006167689460070617             0
0.38                     -1.8305288105432055E-7            -0.005792281124506656             0
0.39                     -1.7051276182710983E-7            -0.005393952049227265             0
0.4                      -1.5728936784983552E-7            -0.004974265786337769             0
0.41000000000000003      -1.4343389532261706E-7            -0.004534872641628365             0
0.42                     -1.2900043545620085E-7            -0.004077503377533247             0
0.43                     -1.1404578830788385E-7            -0.003603962503550003             0
0.44                     -9.86292502762748E-8              -0.0031161211759910927            0
0.45                     -8.281237509936898E-8             -0.002615909734039278             0
0.46                     -6.665870896313358E-8             -0.002105309904138035             0
0.47000000000000003      -5.0233501170841604E-8            -0.001586346709614345             0
0.48                     -3.360339273329599E-8             -0.0010610801269494228            0
0.49                     -1.6836086105620334E-8            -5.315965341427881E-4             0
0.5                      -3.2837344678281255E-23           -1.0368142790657616E-18           0
